A,0,792,797,786,757,170,747,630,56,847,196,247,385,77,223,198,422,595
B,792,0,45,89,104,912,434,734,766,279,914,909,654,869,938,767,428,725
C,797,45,0,47,68,923,395,704,768,235,911,925,680,874,952,782,417,697
D,786,89,47,0,30,918,348,662,754,192,891,924,692,863,948,783,393,656
E,757,104,68,30,0,891,330,636,725,190,861,899,672,834,922,758,363,630
F,170,912,923,918,891,0,912,798,226,998,294,105,379,127,56,173,578,763
G,747,434,395,348,330,912,0,356,698,210,774,957,827,817,957,830,343,362
H,630,734,704,662,636,798,356,0,574,563,565,875,871,677,852,785,406,35
I,56,766,768,754,725,226,698,574,0,806,177,303,412,119,279,242,380,539
J,847,279,235,192,190,998,210,563,806,0,914,1023,832,922,1037,886,426,567
K,196,914,911,891,861,294,774,565,177,914,0,397,581,175,348,390,500,531
L,247,909,925,924,899,105,957,875,303,1023,397,0,317,225,64,142,615,841
M,385,654,680,692,672,379,827,871,412,832,581,317,0,428,372,210,501,840
N,77,869,874,863,834,127,817,677,119,922,175,225,428,0,183,224,497,642
O,223,938,952,948,922,56,957,852,279,1037,348,64,372,183,0,178,620,817
P,198,767,782,783,758,173,830,785,242,886,390,142,210,224,178,0,487,751
Q,422,428,417,393,363,578,343,406,380,426,500,615,501,497,620,487,0,382
R,595,725,697,656,630,763,362,35,539,567,531,841,840,642,817,751,382,0